{
 "cells": [
  {
   "cell_type": "code",
   "execution_count": null,
   "id": "8dcf2992-2ce3-4182-99f7-1027dd02d981",
   "metadata": {},
   "outputs": [],
   "source": [
    "import numpy as np"
   ]
  },
  {
   "cell_type": "markdown",
   "id": "a225f595-5e83-43db-b71b-c8f2f9dea6e7",
   "metadata": {},
   "source": [
    "## solveGaussJordanPivotagemTotal"
   ]
  },
  {
   "cell_type": "code",
   "execution_count": 5,
   "id": "02252154-edc5-49ef-b4f7-d0af92d7923d",
   "metadata": {},
   "outputs": [
    {
     "name": "stdout",
     "output_type": "stream",
     "text": [
      "[0.1 1.  2.  4.1 3.  4.1 5.  2.  6.  7.  8.  5.  0.5 0.  3.  5. ]\n",
      "[-0.275 -0.75  -1.125 -0.75  -1.4    2.85  -2.625 -1.75   3.125]\n",
      "[ 0.196  1.644 -1.38  -1.22 ]\n",
      "[-1.23454988]\n"
     ]
    },
    {
     "data": {
      "text/plain": [
       "array([ 0.00000000e+00, -5.55111512e-17, -1.66533454e-16,  0.00000000e+00])"
      ]
     },
     "execution_count": 5,
     "metadata": {},
     "output_type": "execute_result"
    }
   ],
   "source": [
    "def solveGaussJordanPivotagemTotal(A, b):\n",
    "    M = len(b)\n",
    "    linhas = np.arange(M)\n",
    "    colunas = np.arange(M + 1)\n",
    "    AA = np.zeros([M, M+1])\n",
    "    AA[:M,:M] = A\n",
    "    AA[:,M] = b\n",
    "    aa = np.zeros(M * M)\n",
    "\n",
    "    for p in range(M):\n",
    "        m = M - p\n",
    "        for i in range(m):\n",
    "            aa[i * m:(i + 1) * m] = AA[linhas[p + i], colunas[p:-1]]\n",
    "        print(aa[:m * m])\n",
    "        index = np.argmax(np.abs(aa[:m * m]))\n",
    "\n",
    "        l1 = p + index // m\n",
    "        c1 = p + index % m\n",
    "        linhas[p], linhas[l1] = linhas[l1], linhas[p] \n",
    "        colunas[p], colunas[c1] = colunas[c1], colunas[p]        \n",
    "        AA[linhas[p], colunas[:] ] /= AA[linhas[p],colunas[p]]\n",
    "        for i in range(p):\n",
    "            AA[linhas[i],colunas[p:]] -= AA[linhas[p],colunas[p:]] * AA[linhas[i],colunas[p]]\n",
    "            \n",
    "        for i in range(p + 1, M):\n",
    "            AA[linhas[i],colunas[p:]] -= AA[linhas[p],colunas[p:]] * AA[linhas[i],colunas[p]]\n",
    "\n",
    "    return AA[colunas[linhas[:]], -1]\n",
    "\n",
    "AA = np.array([[0.1,1,2, 4.1],[3,4.1,5,2],[6,7,8,5],[0.5,0,3,5]])\n",
    "BB = np.array([0.1, 0.2, 0.3, 0.4])\n",
    "sol = solveGaussJordanPivotagemTotal(AA.copy(), BB.copy())\n",
    "np.dot(AA, sol) - BB\n"
   ]
  },
  {
   "cell_type": "markdown",
   "id": "498bd144-3f40-4db3-bc10-4144780485d4",
   "metadata": {},
   "source": [
    "## LUDecompositionGaussPivot"
   ]
  },
  {
   "cell_type": "code",
   "execution_count": 6,
   "id": "da07f5db-79e7-44c7-8f88-ae0ca75cfd8f",
   "metadata": {},
   "outputs": [],
   "source": [
    "def LUDecompositionGaussPivot(A):\n",
    "    \"\"\"\n",
    "    Escrever explicitamente as expressões\n",
    "    \"\"\"\n",
    "    M = len(A)\n",
    "    L = np.zeros([M,M],dtype=float)\n",
    "    U = np.copy(A)\n",
    "    index = np.arange(M)\n",
    "    \n",
    "    for i in range(M):\n",
    "        imax = i + np.argmax(np.abs(U[index[i:], i]))\n",
    "        index[i], index[imax] = index[imax], index[i]\n",
    "        \n",
    "        L[index[i:],i] = U[index[i:], i]\n",
    "\n",
    "        U[index[i],:] /= U[index[i],i]\n",
    "        for k in range(i + 1, M):\n",
    "            U[index[k],i:] -= U[index[k],i] * U[index[i],i:]\n",
    "\n",
    "    print(\"Matriz L:\\n\", L,'\\n')\n",
    "    print(\"Matriz L reordenada:\\n\", L[index,:],'\\n')\n",
    "    print(\"Matriz U:\\n\", U[index,:],'\\n')\n",
    "    print(np.linalg.norm(A[index,:] - np.dot(L[index,:],U[index,:])), '\\n')"
   ]
  },
  {
   "cell_type": "markdown",
   "id": "fb6012f9-6a6f-4786-b92b-a6bd04bb35af",
   "metadata": {},
   "source": [
    "## LUDecompositionPivot"
   ]
  },
  {
   "cell_type": "code",
   "execution_count": 4,
   "id": "21be8ef4-956b-4697-8331-b08c92a46cdb",
   "metadata": {},
   "outputs": [
    {
     "name": "stdout",
     "output_type": "stream",
     "text": [
      "Matriz L:\n",
      " [[ 0.74462987 -0.07334811  0.34224623 -0.83136252  0.          0.        ]\n",
      " [ 0.8534734   0.          0.          0.          0.          0.        ]\n",
      " [ 0.38595099  0.29553126 -0.00651349  0.54220147  0.55080703  0.        ]\n",
      " [ 0.45590925 -0.28472313  0.35869661  0.          0.          0.        ]\n",
      " [ 0.8164916  -0.35029618  0.          0.          0.          0.        ]\n",
      " [ 0.21994471 -0.11976193  0.03127853  0.60011468  0.01612772  0.44325329]] \n",
      "\n",
      "Matriz U:\n",
      " [[ 1.          0.9274842   0.61438212  0.41629773  0.77185424  0.6619381 ]\n",
      " [ 0.          1.         -0.49216143  0.2773534  -0.63059731 -0.09149371]\n",
      " [ 0.          0.          1.          1.60035939 -0.2626673   0.08789939]\n",
      " [ 0.          0.          0.          1.          0.27243083 -0.31228977]\n",
      " [ 0.          0.          0.          0.          1.          1.55142252]\n",
      " [ 0.          0.          0.          0.          0.          1.        ]] \n",
      "\n",
      "Matriz L* U - A:\n",
      " [[ 0.00000000e+00  0.00000000e+00  0.00000000e+00  0.00000000e+00\n",
      "   0.00000000e+00 -1.11022302e-16]\n",
      " [ 0.00000000e+00  0.00000000e+00  0.00000000e+00  0.00000000e+00\n",
      "   0.00000000e+00  0.00000000e+00]\n",
      " [ 0.00000000e+00  0.00000000e+00  0.00000000e+00  0.00000000e+00\n",
      "  -1.11022302e-16 -2.22044605e-16]\n",
      " [ 0.00000000e+00  0.00000000e+00  0.00000000e+00  0.00000000e+00\n",
      "   0.00000000e+00  0.00000000e+00]\n",
      " [ 0.00000000e+00  0.00000000e+00  0.00000000e+00  0.00000000e+00\n",
      "   0.00000000e+00  0.00000000e+00]\n",
      " [ 0.00000000e+00  0.00000000e+00  0.00000000e+00  0.00000000e+00\n",
      "   0.00000000e+00  0.00000000e+00]] \n",
      "\n",
      "___________________________________________________________________\n",
      "Matriz L reordenada:\n",
      " [[ 0.8534734   0.          0.          0.          0.          0.        ]\n",
      " [ 0.8164916  -0.35029618  0.          0.          0.          0.        ]\n",
      " [ 0.45590925 -0.28472313  0.35869661  0.          0.          0.        ]\n",
      " [ 0.74462987 -0.07334811  0.34224623 -0.83136252  0.          0.        ]\n",
      " [ 0.38595099  0.29553126 -0.00651349  0.54220147  0.55080703  0.        ]\n",
      " [ 0.21994471 -0.11976193  0.03127853  0.60011468  0.01612772  0.44325329]] \n",
      "\n",
      "Matriz U:\n",
      " [[ 1.          0.9274842   0.61438212  0.41629773  0.77185424  0.6619381 ]\n",
      " [ 0.          1.         -0.49216143  0.2773534  -0.63059731 -0.09149371]\n",
      " [ 0.          0.          1.          1.60035939 -0.2626673   0.08789939]\n",
      " [ 0.          0.          0.          1.          0.27243083 -0.31228977]\n",
      " [ 0.          0.          0.          0.          1.          1.55142252]\n",
      " [ 0.          0.          0.          0.          0.          1.        ]] \n",
      "\n",
      "1.1102230246251565e-16 \n",
      "\n",
      "Matriz L:\n",
      " [[ 0.74462987 -0.07334811  0.34224623 -0.83136252  0.          0.        ]\n",
      " [ 0.8534734   0.          0.          0.          0.          0.        ]\n",
      " [ 0.38595099  0.29553126 -0.00651349  0.54220147  0.55080703  0.        ]\n",
      " [ 0.45590925 -0.28472313  0.35869661  0.          0.          0.        ]\n",
      " [ 0.8164916  -0.35029618  0.          0.          0.          0.        ]\n",
      " [ 0.21994471 -0.11976193  0.03127853  0.60011468  0.01612772  0.44325329]] \n",
      "\n",
      "Matriz U:\n",
      " [[ 1.          0.9274842   0.61438212  0.41629773  0.77185424  0.6619381 ]\n",
      " [ 0.          1.         -0.49216143  0.2773534  -0.63059731 -0.09149371]\n",
      " [ 0.          0.          1.          1.60035939 -0.2626673   0.08789939]\n",
      " [ 0.          0.          0.          1.          0.27243083 -0.31228977]\n",
      " [ 0.          0.          0.          0.          1.          1.55142252]\n",
      " [ 0.          0.          0.          0.          0.          1.        ]] \n",
      "\n",
      "Matriz L* U - A:\n",
      " [[ 0.00000000e+00  0.00000000e+00  0.00000000e+00  0.00000000e+00\n",
      "   0.00000000e+00 -1.11022302e-16]\n",
      " [ 0.00000000e+00  0.00000000e+00  0.00000000e+00  0.00000000e+00\n",
      "   0.00000000e+00  0.00000000e+00]\n",
      " [ 0.00000000e+00  0.00000000e+00  0.00000000e+00  0.00000000e+00\n",
      "  -1.11022302e-16 -2.22044605e-16]\n",
      " [ 0.00000000e+00  0.00000000e+00  0.00000000e+00  0.00000000e+00\n",
      "   0.00000000e+00  0.00000000e+00]\n",
      " [ 0.00000000e+00  0.00000000e+00  0.00000000e+00  0.00000000e+00\n",
      "   0.00000000e+00  0.00000000e+00]\n",
      " [ 0.00000000e+00  0.00000000e+00  0.00000000e+00  0.00000000e+00\n",
      "   0.00000000e+00  0.00000000e+00]] \n",
      "\n",
      "___________________________________________________________________\n",
      "Matriz L reordenada:\n",
      " [[ 0.8534734   0.          0.          0.          0.          0.        ]\n",
      " [ 0.8164916  -0.35029618  0.          0.          0.          0.        ]\n",
      " [ 0.45590925 -0.28472313  0.35869661  0.          0.          0.        ]\n",
      " [ 0.74462987 -0.07334811  0.34224623 -0.83136252  0.          0.        ]\n",
      " [ 0.38595099  0.29553126 -0.00651349  0.54220147  0.55080703  0.        ]\n",
      " [ 0.21994471 -0.11976193  0.03127853  0.60011468  0.01612772  0.44325329]] \n",
      "\n",
      "Matriz U:\n",
      " [[ 1.          0.9274842   0.61438212  0.41629773  0.77185424  0.6619381 ]\n",
      " [ 0.          1.         -0.49216143  0.2773534  -0.63059731 -0.09149371]\n",
      " [ 0.          0.          1.          1.60035939 -0.2626673   0.08789939]\n",
      " [ 0.          0.          0.          1.          0.27243083 -0.31228977]\n",
      " [ 0.          0.          0.          0.          1.          1.55142252]\n",
      " [ 0.          0.          0.          0.          0.          1.        ]] \n",
      "\n",
      "1.1102230246251565e-16 \n",
      "\n",
      "None\n"
     ]
    }
   ],
   "source": [
    "def LUDecompositionPivot(A):\n",
    "    \"\"\"Pivotagem numa decomposição LU com expressões explicitas \"\"\"\n",
    "    M = len(A)\n",
    "    L = np.zeros([M,M],dtype=float)\n",
    "    U = np.identity(M)\n",
    "\n",
    "    index = np.arange(M)\n",
    "    \n",
    "    for i in range(M):\n",
    "        for k in range(i,M):\n",
    "            L[index[k],i] = A[index[k],i] - np.dot(L[index[k],:i], U[:i,i])\n",
    "            \n",
    "        imax = i + np.argmax(np.abs(L[index[i:],i]))\n",
    "        index[i], index[imax] = index[imax], index[i]\n",
    "        \n",
    "        for k in range(i,M):\n",
    "            L[index[k],i] = A[index[k],i] - np.dot(L[index[k],:i], U[:i,i])\n",
    "            \n",
    "        for k in range(i + 1,M):\n",
    "            U[i, k] = (A[index[i], k] - np.dot(L[index[i],:i], U[:i, k]) )/L[index[i],i]       \n",
    "    print(\"Matriz L:\\n\", L,'\\n')\n",
    "    print(\"Matriz U:\\n\", U,'\\n')\n",
    "    print(\"Matriz L* U - A:\\n\", L @ U - A,'\\n')\n",
    "    print(\"___________________________________________________________________\")\n",
    "    print(\"Matriz L reordenada:\\n\", L[index,:],'\\n')\n",
    "    print(\"Matriz U:\\n\", U,'\\n')\n",
    "    print(np.linalg.norm(A[index,:] - np.dot(L[index,:],U)), '\\n')\n",
    "    \n",
    "\n",
    "AA = np.random.random_sample([6,6])\n",
    "LUDecompositionPivot(AA.copy())\n",
    "\n",
    "print( LUDecompositionPivot(AA) )\n"
   ]
  },
  {
   "cell_type": "code",
   "execution_count": null,
   "id": "bb7bac2b-b938-42b3-bf5e-7d9d080955be",
   "metadata": {},
   "outputs": [],
   "source": []
  }
 ],
 "metadata": {
  "kernelspec": {
   "display_name": "Python 3",
   "language": "python",
   "name": "python3"
  },
  "language_info": {
   "codemirror_mode": {
    "name": "ipython",
    "version": 3
   },
   "file_extension": ".py",
   "mimetype": "text/x-python",
   "name": "python",
   "nbconvert_exporter": "python",
   "pygments_lexer": "ipython3",
   "version": "3.9.4"
  }
 },
 "nbformat": 4,
 "nbformat_minor": 5
}
